

<<<<<<<<<<<<<<<<<<<<<<<<
# no value function

0.42362818001433483
0.09859762527470707
0.08164314693645958
0.837165883744665
0.4347193459863033
0.13415876267638016
0.8152887228057167
0.06809307814520808
0.580728526429223
0.1012919118502319
0.7447767018356859
0.383445977306893
0.8327069188598583
0.7021280901452445
0.6288589570880367
0.12729391480544894
0.8096069230434231
0.7455215730635703
0.11357679419419074
0.40533493733117026
0.4483864599194105
0.7685829749876569
0.23293954206498038
0.7941170916685342
0.07875873909193423
0.08617017939860637
0.7975707252396482
0.7904939010253914
0.8030333468886653
0.27058739375137797
0.148287645605015
0.7338609724851504


>>>>>>>>>>>>>>>>>>>>>>>>




<<<<<<<<<<<<<<<<<<<<<<<
# with value function

0.9022401608773009
0.17939983964425127
0.1746844975519726
0.11409333884705608
0.2571119681342282
0.5592560122454675
0.17283542764411436
0.8903954541115231
0.18798168655914982
0.21177948407645283
0.12095808897221176
0.14581097025866507
0.3730797429699583
0.6548621913591742
0.3842658645619345
0.8957324999829526
0.09447883972548968
0.2869418844369651
0.17729842166168386
0.1437354328713766
0.8967736992412157
0.26218435807577967
0.920400443276486
0.14845873367629184
0.24833675921892986
0.8683785934894233
0.926472597084955
0.19096797684080644
0.18455097559179928
0.1383105597343962
0.29313445881373695
0.15980166978362367



>>>>>>>>>>>>>>>>>>>>>>>
